47.333333333333336
54.0
64.33333333333333
56.0
76.66666666666667
57.0
64.33333333333333
56.0
77.0
62.0
83.33333333333333
64.66666666666667
83.33333333333333
39.333333333333336
64.33333333333333
50.666666666666664
57.333333333333336
48.0
52.333333333333336
42.0
69.33333333333333
52.333333333333336
40.333333333333336
42.666666666666664
58.666666666666664
77.66666666666667
64.66666666666667
69.0
78.66666666666667
69.0
48.666666666666664
71.66666666666667
51.333333333333336
67.0
66.33333333333333
25.666666666666668
47.0
71.0
44.333333333333336
65.66666666666667
65.66666666666667
59.666666666666664
80.33333333333333
56.666666666666664
51.666666666666664
59.666666666666664
66.66666666666667
31.666666666666668
69.33333333333333
71.33333333333333
75.33333333333333
71.66666666666667
72.0
76.0
74.0
50.0
64.0
79.66666666666667
64.66666666666667
67.66666666666667
74.0
52.333333333333336
64.0
57.333333333333336
61.666666666666664
55.666666666666664
62.0
52.0
83.33333333333333
67.66666666666667
43.666666666666664
74.66666666666667
81.66666666666667
65.0
46.0
64.66666666666667
50.666666666666664
51.333333333333336
64.33333333333333
68.33333333333333
86.0
49.333333333333336
72.33333333333333
50.666666666666664
72.66666666666667
56.333333333333336
76.66666666666667
76.66666666666667
67.0
74.0
55.333333333333336
61.0
65.66666666666667
68.0
84.0
53.666666666666664
64.0
69.66666666666667
50.666666666666664
67.66666666666667
71.33333333333333
59.0
66.33333333333333
66.33333333333333
64.0
59.0
65.39622641509433 62.094339622641506 60.33018867924528